1 -1.3989846168 -2.93642002377
1 1.36555585414 4.0248367891
1 -0.161780994239 -0.420614130033
1 0.885664804115 6.48518469363
1 0.0955238806669 -5.32882871562
1 -1.42215966232 -0.114033068379
1 0.795557204389 3.67691592133
1 0.894131908408 -6.04900090444
1 1.11938293955 -0.35788426213
1 1.57174976024 1.78937296803
1 1.07520182133 2.11860683715
1 -0.51900170615 -0.565882204657
1 -1.033940231 -1.88726715483
1 0.692235777625 -1.39107079024
1 -0.112866510842 2.842498107
1 -1.00543792724 0.979493390124
1 0.585251537399 -2.34529962795
1 -1.45734088333 8.45219278011
1 0.311164795518 -3.48847577079
1 -0.442617820444 0.416084397354
1 -0.495549971057 -1.31436965725
1 -0.472808415233 0.953904555321
1 -1.3718326276 0.13825212065
1 0.949689494099 1.71241540586
1 -1.19333706875 1.31220670311
1 0.0197746292853 3.40883637194
1 -0.583287613788 1.54740826589
1 -1.27992844178 -1.3669831162
1 -0.389465793614 -0.793933502732
1 1.84696931399 -3.63057948529
1 1.40356636145 0.193959303529
1 0.979717686973 4.00819628135
1 0.0693536245603 0.73035868143
1 -0.546973955643 -2.38887064091
1 0.109512096488 -0.0158229165321
1 0.862920756134 -3.1887681756
1 -0.537362060794 -0.294478101074
1 -0.166141681513 -4.40215066563
1 -1.09264280071 1.17526188193
1 -0.53340114636 0.401585825375
1 0.21284258293 3.23955344731
1 -0.204223286748 4.89074878842
1 1.38968681536 -2.47673315477
1 0.995677123021 -4.68262587365
1 0.120109612436 -1.73424710444
1 0.365427405034 0.929786137684
1 -1.13710205821 1.11150335154
1 -0.958573370262 4.71400819285
1 1.67802907822 -2.48645679918
1 1.27161029899 0.163202756076
1 -1.378600709 4.06566477578
1 -0.761338465737 0.348997248146
1 -1.13323915745 0.203379161444
1 1.54179851408 1.54415656623
1 0.149532218224 0.789632856332
1 2.09153717199 1.67459808072
1 -0.78812836273 -0.125108164473
1 0.605377888173 0.783707220087
1 1.71709014516 1.80482853225
1 0.347964889909 -3.13840548417
1 -1.32330047539 4.4082081734
1 -0.109316040534 -2.73591650424
1 0.801029619516 2.32922527092
1 -0.0803452758852 -3.13483412102
1 1.56066095422 3.27322784265
1 -0.459899220825 5.12175965595
1 -0.279576727346 0.960510092171
1 -0.113379518019 -0.535216716912
1 1.07090061185 1.38403423322
1 -0.63527661172 0.813588439356
1 -0.390484275366 -1.05191807977
1 -0.454358474254 2.78465330687
1 -1.28523992063 -3.89658970244
1 0.214586114386 -1.0013709849
1 -0.69361468573 -1.27967512062
1 -0.225249714093 -0.499650575492
1 -0.956062271776 -0.915213934375
1 0.0920110354467 3.30503460833
1 -0.81423245313 -2.65525230726
1 -0.122758079129 5.47674646391
1 -0.693014058144 0.319812575377
1 1.06749430801 3.59942310716
1 1.58205382318 1.29203355949
1 -1.26317502212 1.04536160997
1 -1.25619950301 -0.839471338362
1 -0.328737442728 2.5942695389
1 -1.02000900753 2.81848955062
1 -1.01189619363 -0.498085442887
1 0.041308797812 -1.18573585445
1 -0.812419218808 -2.68349859946
1 0.621736581501 -2.19733242832
1 0.563008458886 -5.76505574767
1 -1.53458349521 2.40279745598
1 0.337177955113 3.63020312369
1 -0.0690839725499 0.295960301269
1 0.183531162698 2.82224000234
1 -0.21045247192 -0.735379922738
1 0.310190174562 2.25161230317
1 0.135076823685 -0.838089449689
1 1.02336130264 -1.10779836943
2 1.39675494129 7.65274003295
2 3.25530321688 10.1013675867
2 1.97669398384 6.42358225731
2 2.57656544991 10.8116986614
2 4.98544708319 14.6214781155
2 3.84239632043 8.7970905854
2 3.24156671021 9.11633156757
2 2.83931363416 12.1970284738
2 2.73594299295 4.65422797256
2 2.91919194355 10.5065148715
2 6.16495096491 11.6068917365
2 4.46435170747 13.9799292999
2 1.97232182318 12.2116953848
2 2.73774213055 13.6643778075
2 3.1012084167 12.3225912976
2 4.94459845117 9.97558943208
2 5.19922373295 12.0201724059
2 3.06345065898 9.90291273804
2 4.2757878146 7.47124770063
2 3.15985484227 13.5438568784
2 2.25862153007 12.6011540193
2 0.0895142312192 7.21174481669
2 -1.81988961382 13.2053560855
2 1.29617236638 6.38413629421
2 1.67467872222 5.17746093596
2 4.09100035716 13.1334407493
2 0.918737625163 6.5459607941
2 2.91199613428 10.6655021168
2 4.72797701045 8.78090105708
2 1.72337505442 10.9045359129
2 4.49511676997 2.0063657203
2 1.98835004864 9.31503353849
2 1.3287580103 9.02910444953
2 1.90077956794 7.09440674646
2 3.0572382835 9.32006126892
2 2.70143046307 11.0243589302
2 2.49484461148 9.28404497049
2 0.722390587267 9.34351774537
2 3.81314670442 14.9824897137
2 4.5369090809 7.12133625751
2 1.58689870327 8.79571355899
2 3.56423832267 8.86027106309
2 3.25790931203 7.32820355642
2 3.21129513478 14.5310765379
2 1.63290287344 7.92347991353
2 5.42326933716 10.3712847085
2 3.46782657376 13.7916316994
2 1.98893560381 8.86003393614
2 2.09585862238 12.4276830781
2 3.73832983686 12.267848336
2 -0.0355175261357 8.67260067353
2 1.88519167169 14.5745765183
2 -0.400829798298 10.2420922979
2 2.16409972026 8.01528081021
2 5.496597608 10.2748946274
2 4.95396737017 10.462947096
2 3.14927188995 12.1188483045
2 2.40834863096 8.60841532038
2 2.90032814139 13.0985450294
2 3.46083612544 9.6544278733
2 2.7136669193 12.6926441471
2 3.59301356515 9.40431608931
2 3.32458007639 6.10240111535
2 3.49147128937 13.9662607963
2 3.8197855711 13.7352496964
2 2.5383580199 14.2957491173
2 3.92072668255 6.96566063194
2 5.06755602061 10.4794421515
2 2.33142113652 8.40930020488
2 4.73364808824 11.3148864136
2 3.48361396144 8.59895470735
2 3.30936601468 10.234791454
2 4.19544935077 8.30164511753
2 1.86537070113 7.34544025218
2 4.49190084405 8.48330054101
2 2.36605559406 8.85272348955
2 5.35022465583 6.07013787376
2 2.50697656471 9.45138807928
2 3.14236007136 12.256629215
2 4.46928440151 6.49336586319
2 1.89973303329 9.11888811524
2 0.641968546739 13.2971064232
2 1.29466863646 10.4561706638
2 4.68311687137 11.9294990422
2 0.715658474554 14.0499675613
2 2.97044974564 8.22287721538
2 1.69858706109 11.1010733622
2 2.11516110229 11.5698494449
2 1.52514979926 9.44210796927
2 2.69086328759 7.97375537267
2 0.860136585588 9.40949429714
2 3.3324816687 12.9002191754
2 5.56861465044 4.98686328481
2 3.79473618139 9.26740643349
2 4.60772984222 7.8973063493
2 2.53510397269 12.9698658426
2 3.94771275777 8.56091430998
2 3.89614168249 13.382899362
2 3.96452723412 10.0839512578
2 5.53042063089 12.8828015446
3 5.0226426935 3.44440695262
3 5.31556196158 -0.777586295441
3 4.0763933332 1.22105332083
3 3.28490087714 2.92915419311
3 2.30434585199 -0.231746633233
3 7.1271880895 3.69655205209
3 2.46850172936 2.97360725517
3 1.57077554467 -0.107418816831
3 4.58235646236 1.90693460237
3 4.29997402379 -1.32498500389
3 8.44059202122 3.93360704263
3 4.05168502875 0.924827713403
3 2.76625811874 3.4631333541
3 2.51815962342 -0.468513876329
3 5.26376377175 0.254763643399
3 6.45021111691 4.07811377003
3 1.90145970585 6.64752094261
3 6.02945482658 6.36955651466
3 4.65810773804 3.20380239291
3 3.17842547716 3.09667682008
3 6.48732634088 2.25856048732
3 6.59213313915 -0.37552615286
3 5.33106825345 3.15673399485
3 2.90079805121 4.75869481345
3 4.54074967596 2.21662409641
3 0.650253292068 3.61655231263
3 1.27312602707 2.13864536884
3 7.02130441619 0.346429589721
3 6.33347134466 4.80765485455
3 8.01331374504 2.40000243564
3 8.14045599702 2.96428828248
3 6.36760907204 2.43340944152
3 4.0684639409 -0.299621438627
3 0.722684519056 1.09345239698
3 5.87809866575 5.6058044792
3 2.06976417586 1.22311882042
3 5.90606637179 2.13873038486
3 3.45399013053 0.955213722875
3 6.0403537559 1.55765256732
3 3.56730878035 2.07213550033
3 3.84073205033 -1.22246665433
3 5.76673157372 1.45171887307
3 7.68103338991 -0.534336315321
3 7.21853097346 -0.697024668622
3 6.00394573449 3.70272283987
3 6.81248057653 8.08649975827
3 2.91015136534 -3.69779744941
3 5.89832167611 1.15310652409
3 5.37755550222 -3.93779588264
3 4.76715967722 3.12971766227
3 4.58255275381 2.24696760814
3 4.23551005856 4.21369447265
3 3.69815203934 -1.38135279031
3 5.1951929146 -0.815425386769
3 6.23784985768 -0.84816115227
3 4.48387265413 2.26565460837
3 3.21163381558 4.90455209872
3 4.18149703396 5.90081990725
3 2.18049564596 3.52545678682
3 4.22740307672 -0.401549998262
3 6.00723024332 2.51310108434
3 5.71515167217 -1.56101108363
3 5.43437205157 -0.272715896596
3 4.40251525368 1.48499467253
3 5.77442125904 3.74884252401
3 6.743600515 0.526838240091
3 4.9931724312 2.70139510011
3 5.91968549268 1.12198063436
3 2.9995716036 4.12675972716
3 6.65980324032 -1.23360815932
3 2.340643313 7.64088576735
3 7.31669982468 -2.1322787556
3 2.42546951722 4.82937011921
3 3.21894894879 -0.864114261533
3 1.57617422518 -0.231728231748
3 7.17087487421 3.99324983409
3 6.92058260039 3.23622857399
3 3.25222528288 -2.11501028073
3 5.00966794688 1.07174303002
3 7.72023980879 -2.51812394299
3 6.41102440319 2.36374853448
3 5.06523013314 1.83351556436
3 6.35123946901 2.8006894142
3 4.3246821408 3.49789609374
3 5.88653842586 4.26364676965
3 3.52338414548 4.85947352847
3 8.12241145587 6.32120833019
3 4.32222859993 4.29300864282
3 5.7845090836 0.614752550095
3 4.25372787331 0.194764713579
3 4.37880668103 -0.214702292399
3 1.81667342169 1.97716305353
3 1.88489129442 0.49189821928
3 -0.18188456613 3.19995823134
3 4.69936382209 6.27240490768
3 1.54304323351 2.89499757457
3 3.86141693119 4.29579324569
3 3.15727929276 -1.31052213469
3 6.13236670253 2.47291516902
3 1.89308775709 -0.635777800246